Node	dA	dPC	dPCintra	dPCflux	dPCconnector	
1	0.5556977	0.0472277	0.0472193	0.0000084	0.0000000	
2	0.4123291	0.7030064	0.0259974	0.6770090	0.0000000	
3	6.0939560	6.3556130	5.6785960	0.6770164	0.0000005	
4	0.1238387	0.0029952	0.0023451	0.0006501	0.0000000	
5	0.2098420	0.0073834	0.0067333	0.0006501	0.0000000	
6	2.7805820	1.5882420	1.1822630	0.4059792	0.0000000	
7	0.0157220	0.0068236	0.0000378	0.0067858	0.0000000	
8	0.0103159	0.0210076	0.0000163	0.0077348	0.0132566	
9	0.0675951	0.2841304	0.0006987	0.0501856	0.2332461	
10	0.1284941	0.0582335	0.0025247	0.0557088	0.0000000	
11	0.3055897	0.4030236	0.0142797	0.1800749	0.2086689	
12	0.8112205	0.4204976	0.1006283	0.3198646	0.0000047	
13	0.0077210	0.0001097	0.0000091	0.0000989	0.0000017	
14	0.0264307	0.0133820	0.0001068	0.0132752	0.0000000	
15	0.0393824	0.0227291	0.0002372	0.0213773	0.0011146	
16	0.0983666	0.0497657	0.0014796	0.0482862	0.0000000	
17	0.0707688	0.0674625	0.0007658	0.0376034	0.0290933	
18	1.2781450	0.4939392	0.2498057	0.2321895	0.0119441	
19	0.1637972	0.1550430	0.0041026	0.0683024	0.0826381	
20	0.1646111	0.1163187	0.0041434	0.0634199	0.0487553	
21	0.2075745	0.1316505	0.0065886	0.0723824	0.0526796	
22	0.0058185	0.0021981	0.0000052	0.0021930	0.0000000	
23	0.0202996	0.0354608	0.0000630	0.0101582	0.0252395	
24	0.0112423	0.0154383	0.0000193	0.0123207	0.0030982	
25	0.0211677	0.0204885	0.0000685	0.0203668	0.0000532	
26	0.0114591	0.0174175	0.0000201	0.0173974	0.0000000	
27	0.0477630	0.0937966	0.0003488	0.0878141	0.0056336	
28	0.0140738	0.0360393	0.0000303	0.0266336	0.0093754	
29	0.1051729	0.2258704	0.0016914	0.1624853	0.0616937	
30	0.0532779	0.0999093	0.0004340	0.0994752	0.0000000	
31	0.0181192	0.0100714	0.0000502	0.0100212	0.0000000	
32	0.0195083	0.0205756	0.0000582	0.0183648	0.0021526	
33	0.8559179	1.7793380	0.1120228	1.5753960	0.0919193	
34	0.0137820	0.0259049	0.0000290	0.0184696	0.0074062	
35	0.0151382	0.0192544	0.0000350	0.0192193	0.0000000	
36	0.3604038	0.8046205	0.0198619	0.7560566	0.0287020	
37	0.1784695	0.4210453	0.0048705	0.4161748	0.0000000	
38	0.0101968	0.0004399	0.0000159	0.0004240	0.0000000	
39	0.0827241	0.1960251	0.0010464	0.1949787	0.0000000	
40	0.0047663	0.0002750	0.0000035	0.0002332	0.0000383	
41	0.4250266	0.5382982	0.0276232	0.5106749	0.0000000	
42	0.0161869	0.0040378	0.0000401	0.0039977	0.0000000	
43	0.0182028	0.0010879	0.0000507	0.0010372	0.0000000	
44	0.0047506	0.0002834	0.0000035	0.0002799	0.0000000	
45	0.0012262	0.0000770	0.0000002	0.0000768	0.0000000	
46	0.0026139	0.0001461	0.0000010	0.0001450	0.0000000	
47	0.0864732	0.0049036	0.0011434	0.0034610	0.0002991	
48	0.0045184	0.0002732	0.0000031	0.0002655	0.0000045	
49	0.2050731	0.4848616	0.0064307	0.3651042	0.1133267	
50	0.2087431	0.1171687	0.0066630	0.1071384	0.0033673	
51	0.0087744	0.0005649	0.0000118	0.0005455	0.0000076	
52	0.0256257	0.0016236	0.0001004	0.0014830	0.0000402	
53	0.0027694	0.0002636	0.0000012	0.0001762	0.0000862	
54	0.5502613	0.6234763	0.0462999	0.5126993	0.0644771	
55	0.2304136	0.5893867	0.0081182	0.3972068	0.1840617	
56	4.0509260	9.4770060	2.5092910	5.7919250	1.1757900	
57	0.0253361	0.0011809	0.0000982	0.0010827	0.0000000	
58	0.0553135	0.0085057	0.0004678	0.0063790	0.0016588	
59	0.0663655	0.0126930	0.0006735	0.0085371	0.0034824	
60	0.8435728	2.1557410	0.1088147	1.5604560	0.4864702	
61	0.0456827	0.0030602	0.0003191	0.0021997	0.0005414	
62	0.0031356	0.0011480	0.0000015	0.0003530	0.0007935	
63	0.0119515	0.0008408	0.0000218	0.0006386	0.0001803	
64	0.0050474	0.0002520	0.0000039	0.0002481	0.0000000	
65	0.0154032	0.0018008	0.0000363	0.0017645	0.0000000	
66	0.1590733	0.0152216	0.0038693	0.0104719	0.0008804	
67	0.0911461	0.0170277	0.0012703	0.0112086	0.0045488	
68	0.3137403	0.5276131	0.0150516	0.3553491	0.1572123	
69	0.0824022	0.0110630	0.0010383	0.0082555	0.0017692	
70	0.0188296	0.0023601	0.0000542	0.0020457	0.0002602	
71	0.0559941	0.0081242	0.0004794	0.0074374	0.0002074	
72	0.0710415	0.0047263	0.0007717	0.0037722	0.0001823	
73	0.0159469	0.0005520	0.0000389	0.0005131	0.0000000	
74	0.0116386	0.0006006	0.0000207	0.0005799	0.0000000	
75	0.0385417	0.0330153	0.0002271	0.0238786	0.0089096	
76	0.1777210	0.0632549	0.0048297	0.0549496	0.0034756	
77	0.0127166	0.0004909	0.0000247	0.0004194	0.0000468	
78	2.0693600	6.6004560	0.6548088	3.9739940	1.9716540	
79	0.0102781	0.0116347	0.0000162	0.0082234	0.0033951	
80	0.0205148	0.0138859	0.0000644	0.0073745	0.0064470	
81	0.0049137	0.0059286	0.0000037	0.0039909	0.0019340	
82	0.0285325	0.0244282	0.0001245	0.0142104	0.0100932	
83	0.0242167	0.0146460	0.0000897	0.0088576	0.0056988	
84	0.0316492	0.0245693	0.0001532	0.0236703	0.0007459	
85	0.0187430	0.0009595	0.0000537	0.0007013	0.0002044	
86	0.0418821	0.0271288	0.0002682	0.0204042	0.0064563	
87	0.0557251	0.0320675	0.0004748	0.0200888	0.0115038	
88	0.0274760	0.0230373	0.0001154	0.0117472	0.0111746	
89	0.0152251	0.0080291	0.0000354	0.0062962	0.0016974	
90	0.0493626	0.0302737	0.0003726	0.0242728	0.0056283	
91	0.0109721	0.0073552	0.0000184	0.0055347	0.0018021	
92	0.2660577	0.4737118	0.0108242	0.4535080	0.0093796	
93	0.0341213	0.0094677	0.0001780	0.0092896	0.0000000	
94	0.0244246	0.0145179	0.0000912	0.0080313	0.0063953	
95	0.0497262	0.0989979	0.0003781	0.0784111	0.0202087	
96	0.0356968	0.0566691	0.0001948	0.0564743	0.0000000	
97	0.0095109	0.0106104	0.0000138	0.0105966	0.0000000	
98	0.2017490	0.0471857	0.0062239	0.0409618	0.0000000	
99	0.0474541	0.0353357	0.0003443	0.0155671	0.0194243	
100	0.0228537	0.0548219	0.0000799	0.0386618	0.0160802	
101	0.0262982	0.0617297	0.0001058	0.0484906	0.0131333	
102	0.0211758	0.0362412	0.0000686	0.0346573	0.0015153	
103	0.0053361	0.0023192	0.0000044	0.0023149	0.0000000	
104	0.0778111	0.4473530	0.0009258	0.1591420	0.2872852	
105	0.1064097	0.0811096	0.0017314	0.0445990	0.0347792	
106	0.1780824	0.0608998	0.0048494	0.0396336	0.0164169	
107	0.2315336	0.7896273	0.0081973	0.4587817	0.3226483	
108	0.0404956	0.0706633	0.0002508	0.0704125	0.0000000	
109	1.3272500	3.0230550	0.2693691	2.2202310	0.5334542	
110	0.0622276	0.1163076	0.0005921	0.1085631	0.0071524	
111	0.0000001	0.0000002	0.0000000	0.0000002	0.0000000	
112	0.0445024	0.1053423	0.0003028	0.0845423	0.0204971	
113	0.0065890	0.0007529	0.0000066	0.0007430	0.0000032	
114	0.0102006	0.0149539	0.0000159	0.0149380	0.0000000	
115	0.8080186	2.5119230	0.0998355	1.4543790	0.9577081	
116	0.0024423	0.0003231	0.0000009	0.0002953	0.0000269	
117	0.1851051	0.0164918	0.0052394	0.0112495	0.0000030	
118	0.0066277	0.0390675	0.0000067	0.0108454	0.0282153	
119	0.0047206	0.0005736	0.0000034	0.0005688	0.0000014	
120	0.0059108	0.0014333	0.0000053	0.0006846	0.0007433	
121	0.0072197	0.0016744	0.0000080	0.0008323	0.0008341	
122	0.0626229	0.1864636	0.0005997	0.1005876	0.0852763	
123	0.0032122	0.0011587	0.0000016	0.0003885	0.0007687	
124	0.2000327	0.4674858	0.0061185	0.3458353	0.1155321	
125	0.0264227	0.0240910	0.0001068	0.0239842	0.0000000	
126	0.0027689	0.0009635	0.0000012	0.0003445	0.0006178	
127	0.1296443	0.2883164	0.0025701	0.2474814	0.0382649	
128	0.0426876	0.0902772	0.0002786	0.0656324	0.0243662	
129	0.0069597	0.0131299	0.0000074	0.0131225	0.0000000	
130	0.0013043	0.0011713	0.0000003	0.0011711	0.0000000	
131	0.0202823	0.0487307	0.0000629	0.0346631	0.0140046	
132	0.0172623	0.1174143	0.0000456	0.0175336	0.0998351	
133	0.2951311	0.4795352	0.0133190	0.3674247	0.0987914	
134	0.0031754	0.0059675	0.0000015	0.0052190	0.0007470	
135	0.4018971	0.8446400	0.0246986	0.7040852	0.1158562	
136	0.0375236	0.0727590	0.0002153	0.0505196	0.0220241	
137	0.0076822	0.0124087	0.0000090	0.0110229	0.0013768	
138	0.0132741	0.0265564	0.0000269	0.0169770	0.0095524	
139	0.0144762	0.0129698	0.0000320	0.0129378	0.0000000	
140	0.0020234	0.0036717	0.0000006	0.0028393	0.0008317	
141	0.1294957	0.1693500	0.0025642	0.1667858	0.0000000	
142	0.1066926	0.2399138	0.0017406	0.1967223	0.0414508	
143	0.0123169	0.0093585	0.0000232	0.0093353	0.0000000	
144	0.0158394	0.0221299	0.0000384	0.0163726	0.0057188	
145	0.2969250	0.5449423	0.0134814	0.5141931	0.0172678	
146	0.0060864	0.0068063	0.0000057	0.0068007	0.0000000	
147	0.0517427	0.0447600	0.0004094	0.0443506	0.0000000	
148	0.0150047	0.0166872	0.0000344	0.0139773	0.0026754	
149	0.0095826	0.0084648	0.0000140	0.0084507	0.0000000	
150	0.0144068	0.0131871	0.0000317	0.0131553	0.0000000	
151	0.0039741	0.0000184	0.0000024	0.0000159	0.0000000	
152	0.0060253	0.0047490	0.0000056	0.0047434	0.0000000	
153	0.0142232	0.0000469	0.0000309	0.0000160	0.0000000	
154	0.0509693	0.0525154	0.0003972	0.0513636	0.0007546	
155	1.4127750	1.3963690	0.3052028	0.8773805	0.2137861	
156	0.0038851	0.0037907	0.0000023	0.0037884	0.0000000	
157	0.0025675	0.0025455	0.0000010	0.0025445	0.0000000	
158	0.0553877	0.0613003	0.0004691	0.0465098	0.0143214	
159	0.4529783	0.4427503	0.0313760	0.3641000	0.0472743	
160	0.0163835	0.0295677	0.0000410	0.0161184	0.0134082	
161	0.0176042	0.0339153	0.0000474	0.0159431	0.0179248	
162	1.2362200	1.1442710	0.2336868	0.7996911	0.1108928	
163	0.0266075	0.0251436	0.0001083	0.0131252	0.0119101	
164	0.1276625	0.0874784	0.0024921	0.0837816	0.0012046	
165	0.1456936	0.1095806	0.0032458	0.1007398	0.0055950	
166	0.1158667	0.1417356	0.0020529	0.1038402	0.0358425	
167	0.0410930	0.0216629	0.0002582	0.0186893	0.0027154	
168	0.0332268	0.0027598	0.0001688	0.0019128	0.0006781	
169	0.0400728	0.0350100	0.0002456	0.0123718	0.0223926	
170	0.0338835	0.0063994	0.0001756	0.0062239	0.0000000	
171	0.2785209	0.0474183	0.0118620	0.0330555	0.0025007	
172	0.6517977	0.2494729	0.0649633	0.1844295	0.0000801	
173	0.0068733	0.0019366	0.0000072	0.0019294	0.0000000	
174	0.0841435	0.0056511	0.0010826	0.0038358	0.0007327	
175	0.3639058	0.0979852	0.0202498	0.0712948	0.0064405	
176	0.0118593	0.0006804	0.0000215	0.0006582	0.0000006	
177	0.0695172	0.0181227	0.0007390	0.0173838	0.0000000	
178	0.0054066	0.0003587	0.0000045	0.0003542	0.0000000	
179	0.1022343	0.0074501	0.0015982	0.0051024	0.0007494	
180	0.0894565	0.0060746	0.0012237	0.0047552	0.0000956	
181	0.0552028	0.0034975	0.0004660	0.0030281	0.0000033	
182	0.2304141	0.0428156	0.0081182	0.0333455	0.0013519	
183	0.0167753	0.0011023	0.0000430	0.0010593	0.0000000	
184	0.0478047	0.0333468	0.0003494	0.0144250	0.0185723	
185	0.0047836	0.0019138	0.0000035	0.0015511	0.0003592	
186	0.0067224	0.0021915	0.0000069	0.0021846	0.0000000	
187	0.0952249	0.0623928	0.0013866	0.0401574	0.0208488	
188	0.0244839	0.0111841	0.0000917	0.0110925	0.0000000	
189	0.4987359	0.2642308	0.0380350	0.1810212	0.0451746	
190	0.0182455	0.0094874	0.0000509	0.0094365	0.0000000	
191	0.0037790	0.0015507	0.0000022	0.0015485	0.0000000	
192	0.0940196	0.1216761	0.0013517	0.0505594	0.0697650	
193	0.0659818	0.0264616	0.0006657	0.0257959	0.0000000	
194	1.2360500	0.5892923	0.2336225	0.3103959	0.0452738	
195	0.2695163	0.1690644	0.0111074	0.1351698	0.0227871	
196	0.0166027	0.0157521	0.0000421	0.0076672	0.0080427	
197	0.0066213	0.0026266	0.0000067	0.0026199	0.0000000	
198	0.0363958	0.0065987	0.0002026	0.0063962	0.0000000	
199	0.1521912	0.0713421	0.0035418	0.0600143	0.0077860	
200	0.0105290	0.0031962	0.0000170	0.0021587	0.0010205	
201	0.0046538	0.0024419	0.0000033	0.0013300	0.0011085	
202	0.0170991	0.0091545	0.0000447	0.0064357	0.0026740	
203	0.0211697	0.0109108	0.0000685	0.0108423	0.0000000	
204	0.1138692	0.0574517	0.0019827	0.0478042	0.0076648	
205	0.1167537	0.0950834	0.0020844	0.0548146	0.0381844	
206	0.0141911	0.0076758	0.0000308	0.0076450	0.0000000	
207	0.3521889	0.2147076	0.0189668	0.1610302	0.0347106	
208	0.0241398	0.0085902	0.0000891	0.0085011	0.0000000	
209	1.0081640	0.4527892	0.1554193	0.2607686	0.0366013	
210	0.0199424	0.0057586	0.0000608	0.0034257	0.0022720	
211	0.0576824	0.0263034	0.0005088	0.0192505	0.0065441	
212	0.0391577	0.0122402	0.0002345	0.0120034	0.0000023	
213	0.0863619	0.0208535	0.0011405	0.0136737	0.0060393	
214	0.4786185	0.1211217	0.0350285	0.0758401	0.0102530	
215	0.0300890	0.0033690	0.0001384	0.0032305	0.0000000	
216	0.0211895	0.0051227	0.0000687	0.0050540	0.0000000	
217	0.0202156	0.0044071	0.0000625	0.0040181	0.0003265	
218	0.2891346	0.1212119	0.0127833	0.0783528	0.0300758	
219	0.0359239	0.0136565	0.0001973	0.0124311	0.0010280	
220	0.0635927	0.0448037	0.0006184	0.0215302	0.0226551	
221	0.0892215	0.0304638	0.0012173	0.0292410	0.0000056	
222	0.0190767	0.0347819	0.0000556	0.0323589	0.0023673	
223	0.2817430	2.2351630	0.0121380	0.5763769	1.6466490	
224	0.1084262	0.2218698	0.0017977	0.2200722	0.0000000	
225	0.7677442	3.2677270	0.0901313	1.4613050	1.7162900	
226	0.0050490	0.0102791	0.0000039	0.0102752	0.0000000	
227	0.0181899	0.0361004	0.0000506	0.0360498	0.0000000	
228	2.1100420	3.8962860	0.6808081	3.1083740	0.1071047	
229	0.0101752	0.0144432	0.0000158	0.0144273	0.0000000	
230	0.0492266	0.0973806	0.0003705	0.0970100	0.0000000	
231	0.3791642	0.7875176	0.0219835	0.7142082	0.0513259	
232	2.2731290	5.4259600	0.7901154	3.2832700	1.3525740	
233	0.3239657	0.6711906	0.0160487	0.6551419	0.0000000	
234	0.1146572	0.0587599	0.0020102	0.0378984	0.0188512	
235	0.1581240	0.3634353	0.0038233	0.3237139	0.0358981	
236	0.1391659	0.6119598	0.0029615	0.2884057	0.3205925	
237	0.0442559	0.0974097	0.0002995	0.0914030	0.0057072	
238	0.0182323	0.0133039	0.0000508	0.0052935	0.0079596	
239	0.0339925	0.0699713	0.0001767	0.0697946	0.0000000	
240	0.0218515	0.0589933	0.0000730	0.0373145	0.0216057	
241	0.0326535	0.0540639	0.0001630	0.0458426	0.0080582	
242	0.0989006	0.0279280	0.0014957	0.0253071	0.0011252	
243	0.1810950	0.2362826	0.0050148	0.2259424	0.0053254	
244	0.0264596	0.0311738	0.0001071	0.0310667	0.0000000	
245	0.2148551	0.2987180	0.0070588	0.2582269	0.0334323	
246	0.0163172	0.0017002	0.0000407	0.0015946	0.0000649	
247	0.0025722	0.0015455	0.0000010	0.0015094	0.0000350	
248	0.0130317	0.0068982	0.0000260	0.0068722	0.0000000	
249	0.0610791	0.0366729	0.0005705	0.0358170	0.0002854	
250	0.0139381	0.0075138	0.0000297	0.0074841	0.0000000	
251	0.0591530	0.0386729	0.0005351	0.0362165	0.0019213	
252	0.0538393	0.0713952	0.0004432	0.0464983	0.0244536	
253	0.2170195	0.1550421	0.0072018	0.1244238	0.0234166	
254	0.2313040	0.1660918	0.0081810	0.1321461	0.0257647	
255	0.1331832	0.0854976	0.0027123	0.0791623	0.0036229	
256	0.1851873	0.1789495	0.0052440	0.1084744	0.0652311	
257	0.0018584	0.0011885	0.0000005	0.0011879	0.0000000	
258	0.0983761	0.0370128	0.0014799	0.0315377	0.0039953	
259	0.0917350	0.0559330	0.0012868	0.0546461	0.0000000	
260	0.0128309	0.0084342	0.0000252	0.0044086	0.0040004	
261	0.0050505	0.0023498	0.0000039	0.0023459	0.0000000	
262	0.1396279	0.1189087	0.0029812	0.0837107	0.0322168	
263	0.0724833	0.0370505	0.0008034	0.0328392	0.0034080	
264	0.0974910	0.1085332	0.0014534	0.0598806	0.0471992	
265	0.0432763	0.0098965	0.0002864	0.0081584	0.0014517	
266	0.0187121	0.0028873	0.0000535	0.0028338	0.0000000	
267	0.0460483	0.0333249	0.0003242	0.0258072	0.0071934	
268	0.1094106	0.0175190	0.0018305	0.0156108	0.0000777	
269	0.0159218	0.0235126	0.0000388	0.0092179	0.0142559	
270	0.1993940	0.1065168	0.0060795	0.0841693	0.0162679	
271	0.0400255	0.0368260	0.0002450	0.0232864	0.0132947	
272	0.1535447	0.0880219	0.0036051	0.0838612	0.0005556	
273	0.4315068	0.2521625	0.0284720	0.2057932	0.0178973	
274	0.0789305	0.0163603	0.0009526	0.0139988	0.0014088	
275	0.1980989	0.0745889	0.0060008	0.0584400	0.0101481	
276	0.0595812	0.0405104	0.0005428	0.0328861	0.0070814	
277	0.0869355	0.0584531	0.0011557	0.0434573	0.0138401	
278	0.1306247	0.1095959	0.0026091	0.0644498	0.0425370	
279	0.0445560	0.0229845	0.0003036	0.0120986	0.0105823	
280	0.0096277	0.0038826	0.0000142	0.0038684	0.0000000	
281	0.0271693	0.0096991	0.0001129	0.0095830	0.0000032	
282	0.0050796	0.0021155	0.0000039	0.0021116	0.0000000	
283	0.0021870	0.0008145	0.0000007	0.0007545	0.0000592	
284	0.0213149	0.0284070	0.0000695	0.0084085	0.0199290	
285	0.0345693	0.0156443	0.0001827	0.0111603	0.0043012	
286	0.0320448	0.0219681	0.0001570	0.0133352	0.0084759	
287	0.0932875	0.0333179	0.0013307	0.0224292	0.0095580	
288	0.0112568	0.0046317	0.0000194	0.0046123	0.0000000	
289	0.0292248	0.0261901	0.0001306	0.0107330	0.0153265	
290	0.0139105	0.0059010	0.0000296	0.0058714	0.0000000	
291	0.0174634	0.0085237	0.0000466	0.0084771	0.0000000	
292	0.1404808	0.0504316	0.0030177	0.0473709	0.0000429	
293	0.0225110	0.0176924	0.0000775	0.0129796	0.0046352	
294	0.0537023	0.0273514	0.0004410	0.0205334	0.0063770	
295	0.0211710	0.0170515	0.0000685	0.0085771	0.0084059	
296	0.5166524	0.3551590	0.0408168	0.2349570	0.0793851	
297	0.0095227	0.0060658	0.0000139	0.0053557	0.0006962	
298	0.0123138	0.0029964	0.0000232	0.0029732	0.0000000	
299	0.0082005	0.0052801	0.0000103	0.0044791	0.0007907	
300	0.5302609	0.2655727	0.0429954	0.1997581	0.0228193	
301	0.4994632	0.2767492	0.0381460	0.2039358	0.0346673	
302	0.0019136	0.0009350	0.0000006	0.0008802	0.0000542	
303	0.0029768	0.0018882	0.0000014	0.0009663	0.0009205	
304	0.2468895	0.0937508	0.0093207	0.0637431	0.0206870	
305	0.0442875	0.0289389	0.0002999	0.0136981	0.0149409	
306	0.0462390	0.0234372	0.0003269	0.0220890	0.0010212	
307	0.0108760	0.0057777	0.0000181	0.0052892	0.0004703	
308	0.0690193	0.0240780	0.0007284	0.0233495	0.0000000	
309	0.0022391	0.0008225	0.0000008	0.0008218	0.0000000	
310	0.0388528	0.0176885	0.0002308	0.0174544	0.0000033	
311	0.0062407	0.0022363	0.0000060	0.0022279	0.0000024	
312	0.0387637	0.0109136	0.0002298	0.0106838	0.0000000	
313	0.0385719	0.0089397	0.0002275	0.0087122	0.0000000	
314	0.0015477	0.0002043	0.0000004	0.0002036	0.0000002	
315	0.0231247	0.0037841	0.0000818	0.0029592	0.0007431	
316	0.0114927	0.0025419	0.0000202	0.0025217	0.0000000	
317	0.0170664	0.0021878	0.0000445	0.0019711	0.0001721	
318	0.1170716	0.0279514	0.0020958	0.0238868	0.0019688	
319	0.0216515	0.0020222	0.0000717	0.0019505	0.0000000	
320	0.0407264	0.0046515	0.0002536	0.0043979	0.0000000	
321	0.0104411	0.0026159	0.0000167	0.0025993	0.0000000	
322	0.0211090	0.0145611	0.0000681	0.0081041	0.0063889	
323	0.0083814	0.0026138	0.0000107	0.0026031	0.0000000	
324	0.0073826	0.0118660	0.0000083	0.0030618	0.0087958	
325	0.4605714	0.2142284	0.0324367	0.1612784	0.0205134	
326	0.2375784	0.1143463	0.0086309	0.0985475	0.0071679	
327	0.0190785	0.0495585	0.0000557	0.0095345	0.0399683	
328	0.0308415	0.0171652	0.0001454	0.0170198	0.0000000	
329	0.2769149	0.2608416	0.0117256	0.1308228	0.1182932	
330	0.0455597	0.0261121	0.0003174	0.0252817	0.0005130	
331	0.0270443	0.0260217	0.0001118	0.0153440	0.0105658	
332	0.1049296	0.1185189	0.0016836	0.0572647	0.0595706	
333	0.2040361	0.2743035	0.0063658	0.1057015	0.1622361	
334	0.4146606	0.3735441	0.0262923	0.1902402	0.1570116	
335	0.0264261	0.1014497	0.0001068	0.0150967	0.0862462	
336	0.0475363	0.1182289	0.0003455	0.0260929	0.0917904	
337	0.0556996	0.1420393	0.0004744	0.0299216	0.1116433	
338	0.0328332	0.0194252	0.0001648	0.0188395	0.0004209	
339	1.3504690	0.5510251	0.2788762	0.2620509	0.0100980	
340	0.0292830	0.0107093	0.0001311	0.0105781	0.0000001	
341	0.0743306	0.0033845	0.0008448	0.0025397	0.0000000	
342	0.0162580	0.0211108	0.0000404	0.0210677	0.0000027	
343	0.0157345	0.0229998	0.0000379	0.0205942	0.0023678	
344	0.0190759	0.0632517	0.0000556	0.0631397	0.0000563	
345	0.0587283	0.1847230	0.0005274	0.1841956	0.0000000	
346	0.0262312	0.0831540	0.0001052	0.0740668	0.0089820	
347	0.0198583	0.0727307	0.0000603	0.0692996	0.0033707	
348	0.0232457	0.0451894	0.0000826	0.0451067	0.0000000	
349	0.0334259	0.1456662	0.0001708	0.1452767	0.0002186	
350	0.0255505	0.0979421	0.0000998	0.0728091	0.0250332	
351	0.0080789	0.0362167	0.0000100	0.0302905	0.0059162	
352	0.0035648	0.0153436	0.0000019	0.0153416	0.0000000	
353	0.0174542	0.0676616	0.0000466	0.0504270	0.0171880	
354	0.0381433	1.2323720	0.0002225	0.1749398	1.0572100	
355	0.0171180	0.0826059	0.0000448	0.0618406	0.0207205	
356	0.1165414	0.4500445	0.0020768	0.4479676	0.0000000	
357	0.0195206	0.0627850	0.0000583	0.0627267	0.0000000	
358	0.0124113	0.0346320	0.0000236	0.0346084	0.0000000	
359	0.1693445	0.6598648	0.0043852	0.6528046	0.0026751	
360	0.0108085	0.0317999	0.0000179	0.0317778	0.0000042	
361	0.0715845	0.3704036	0.0007836	0.3093074	0.0603127	
362	0.0424606	0.1580370	0.0002757	0.1371717	0.0205896	
363	0.0106367	0.0370539	0.0000173	0.0370366	0.0000000	
364	0.0165873	0.0508721	0.0000421	0.0508300	0.0000000	
365	0.0694348	0.2704431	0.0007372	0.2697059	0.0000000	
366	0.0134124	0.0557418	0.0000275	0.0557143	0.0000000	
367	0.0076345	0.0223339	0.0000089	0.0204116	0.0019134	
368	0.8729954	5.6416900	0.1165377	3.3019560	2.2231970	
369	0.0336224	0.4014038	0.0001729	0.1282051	0.2730258	
370	0.0091729	0.0202434	0.0000129	0.0202049	0.0000255	
371	0.1017894	0.6030803	0.0015843	0.4116101	0.1898859	
372	0.0032974	0.0133585	0.0000017	0.0131687	0.0001881	
373	0.0091849	0.0101379	0.0000129	0.0101250	0.0000000	
374	0.0293377	0.1480887	0.0001316	0.1428367	0.0051203	
375	0.1878649	0.8030650	0.0053968	0.5877511	0.2099171	
376	0.0051903	0.0205493	0.0000041	0.0205452	0.0000000	
377	0.0021164	0.0074268	0.0000007	0.0074261	0.0000000	
378	0.0225028	0.0866681	0.0000774	0.0655966	0.0209940	
379	0.0074606	0.0194024	0.0000085	0.0174760	0.0019179	
380	0.0193121	0.0859119	0.0000570	0.0784254	0.0074294	
381	1.0596080	4.9150820	0.1716852	3.7910970	0.9523000	
382	1.1606990	6.9925680	0.2060068	5.3523550	1.4342060	
383	0.0278791	0.1862594	0.0001189	0.1017907	0.0843498	
384	0.0017226	0.0060878	0.0000005	0.0058314	0.0002559	
385	0.0215479	0.0400123	0.0000710	0.0399413	0.0000000	
386	0.0378451	0.1783200	0.0002190	0.1271211	0.0509799	
387	0.0035444	0.0132305	0.0000019	0.0132285	0.0000000	
388	0.0016611	0.0052373	0.0000004	0.0052368	0.0000000	
389	0.0063749	0.0215324	0.0000062	0.0215262	0.0000000	
390	0.0110143	0.0366330	0.0000186	0.0364640	0.0001504	
391	0.0902138	0.3293635	0.0012445	0.3030154	0.0251036	
392	0.0083223	0.0266390	0.0000106	0.0265687	0.0000598	
393	0.0031105	0.0468797	0.0000015	0.0114993	0.0353789	
394	0.3510804	1.7958590	0.0188476	1.3220770	0.4549339	
395	0.0818150	0.1611042	0.0010235	0.1511422	0.0089385	
396	0.0049194	0.0241638	0.0000037	0.0241601	0.0000000	
397	0.2328340	0.5872710	0.0082896	0.5461635	0.0328179	
398	0.0053887	0.0318495	0.0000044	0.0200776	0.0117674	
399	0.0757783	0.2049036	0.0008781	0.2040255	0.0000000	
400	0.2008568	1.0930530	0.0061690	0.9780841	0.1087999	
401	0.0084825	0.0411943	0.0000110	0.0304470	0.0107363	
402	0.0039432	0.0041221	0.0000024	0.0041198	0.0000000	
403	0.2350572	1.7605640	0.0084487	1.1389630	0.6131520	
404	0.0126676	0.0993707	0.0000245	0.0384377	0.0609084	
405	0.0141277	0.0161693	0.0000305	0.0161348	0.0000039	
406	0.0139697	0.0173986	0.0000298	0.0173572	0.0000116	
407	0.1753605	0.5084522	0.0047023	0.5032906	0.0004593	
408	0.1202150	0.5167511	0.0022098	0.3902948	0.1242465	
409	0.0352410	0.1692234	0.0001899	0.1690335	0.0000000	
410	0.1977291	0.6769230	0.0059784	0.6709446	0.0000000	
411	3.1085270	19.8282200	1.4775830	12.8763300	5.4743070	
412	0.0376560	0.0374579	0.0002168	0.0372411	0.0000000	
413	0.0047368	0.0188043	0.0000034	0.0188008	0.0000000	
414	0.0788657	0.3980089	0.0009511	0.3970579	0.0000000	
415	0.1411887	0.6810609	0.0030482	0.6780128	0.0000000	
416	0.0157972	0.0718028	0.0000382	0.0717646	0.0000000	
417	0.0201068	0.0848345	0.0000618	0.0847727	0.0000000	
418	0.0371985	0.1709801	0.0002116	0.1707685	0.0000000	
419	0.5297068	2.4582370	0.0429056	2.4153310	0.0000000	
420	0.8475383	4.3320070	0.1098401	3.9141250	0.3080416	
421	0.5714548	2.2258040	0.0499351	2.1632930	0.0125756	
422	0.5153495	3.5140200	0.0406112	2.1107360	1.3626730	
423	0.0108444	0.0481018	0.0000180	0.0480839	0.0000000	
424	0.0068977	0.0336861	0.0000073	0.0312248	0.0024540	
425	0.0070984	0.0280676	0.0000077	0.0280599	0.0000000	
426	0.0074456	0.0330218	0.0000085	0.0327008	0.0003125	
427	0.0093358	0.0332052	0.0000133	0.0331919	0.0000000	
428	0.0369340	0.1419913	0.0002086	0.1340009	0.0077818	
429	0.0077510	0.0081996	0.0000092	0.0081905	0.0000000	
430	0.0049273	0.0059565	0.0000037	0.0053727	0.0005800	
431	0.4059511	2.3233520	0.0251994	1.8137880	0.4843649	
432	0.0101740	0.0125661	0.0000158	0.0113000	0.0012502	
433	0.4589339	2.2264910	0.0322064	2.0552690	0.1390149	
434	0.2120892	0.7651759	0.0068783	0.7582976	0.0000000	
435	0.0061219	0.0302357	0.0000057	0.0302300	0.0000000	
436	0.0360575	0.1758425	0.0001988	0.1756437	0.0000000	
437	5.1998650	27.1449000	4.1345340	18.2007400	4.8096220	
438	0.1554657	0.5994996	0.0036958	0.4027962	0.1930076	
439	0.0778952	0.1846227	0.0009278	0.1836949	0.0000000	
440	0.0083106	0.0200070	0.0000106	0.0199965	0.0000000	
441	0.0279633	0.1866631	0.0001196	0.0729262	0.1136174	
442	0.0384848	0.1234126	0.0002265	0.0957457	0.0274404	
443	0.0544044	0.0747628	0.0004526	0.0699680	0.0043421	
444	0.0117077	0.0143171	0.0000210	0.0142936	0.0000025	
445	0.0793392	0.2131687	0.0009625	0.1203990	0.0918072	
446	0.5056671	0.7359243	0.0390995	0.6954645	0.0013603	
447	0.0027677	0.0001934	0.0000012	0.0001921	0.0000000	
448	0.0204069	0.0014162	0.0000637	0.0013214	0.0000311	
449	0.0149571	0.0002010	0.0000342	0.0001647	0.0000021	
450	0.0011339	0.0000171	0.0000002	0.0000169	0.0000000	
451	0.0571948	0.0012080	0.0005002	0.0007074	0.0000004	
452	0.0495218	0.0005016	0.0003750	0.0001264	0.0000002	
453	0.0307337	0.0024721	0.0001444	0.0021341	0.0001936	
454	0.0198876	0.0046409	0.0000605	0.0035753	0.0010051	
455	0.0012616	0.0002276	0.0000002	0.0002273	0.0000000	
456	0.0483500	0.0108171	0.0003575	0.0084207	0.0020389	
457	0.0843654	0.0097168	0.0010884	0.0086281	0.0000004	
458	0.0483278	0.0039096	0.0003571	0.0035458	0.0000066	
459	0.0454960	0.0152082	0.0003165	0.0089562	0.0059355	
460	0.0959558	0.0194779	0.0014079	0.0169914	0.0010786	
461	0.0035830	0.0007279	0.0000020	0.0007260	0.0000000	
462	0.0089871	0.0018968	0.0000124	0.0018642	0.0000202	
463	0.0169788	0.0035783	0.0000441	0.0035343	0.0000000	
464	0.0615320	0.0206189	0.0005790	0.0125818	0.0074581	
465	0.1051102	0.0245617	0.0016894	0.0174372	0.0054350	
466	0.0081193	0.0016974	0.0000101	0.0016802	0.0000072	
467	0.0085087	0.0019086	0.0000111	0.0018976	0.0000000	
468	0.0188370	0.0042562	0.0000543	0.0040803	0.0001216	
469	0.2081986	0.0405448	0.0066282	0.0338112	0.0001054	
470	0.0247828	0.0087421	0.0000939	0.0086414	0.0000068	
471	0.0040787	0.0008606	0.0000025	0.0008581	0.0000000	
472	0.2213604	0.0448032	0.0074928	0.0351814	0.0021290	
473	0.0413149	0.0348050	0.0002610	0.0345439	0.0000000	
474	0.0224622	0.0232726	0.0000772	0.0190567	0.0041387	
475	0.0024097	0.0094366	0.0000009	0.0022038	0.0072319	
476	0.0045279	0.0041164	0.0000031	0.0041133	0.0000000	
477	0.0026555	0.0020486	0.0000011	0.0020475	0.0000000	
478	0.0017094	0.0018136	0.0000004	0.0014836	0.0003295	
479	0.0016552	0.0015271	0.0000004	0.0015244	0.0000023	
480	0.0169182	0.0259226	0.0000438	0.0155324	0.0103464	
481	0.0023951	0.0019084	0.0000009	0.0017598	0.0001477	
482	0.0137423	0.0009665	0.0000289	0.0009249	0.0000127	
483	0.0156866	0.0013846	0.0000376	0.0012548	0.0000921	
484	0.1252694	0.0568852	0.0023996	0.0398053	0.0146804	
485	0.0190559	0.0074209	0.0000555	0.0073654	0.0000000	
486	0.0045230	0.0018872	0.0000031	0.0018840	0.0000000	
487	0.0056850	0.0025623	0.0000049	0.0025574	0.0000000	
488	0.0020894	0.0019214	0.0000007	0.0019207	0.0000000	
489	0.0069139	0.0004495	0.0000073	0.0004421	0.0000000	
490	0.0021611	0.0009057	0.0000007	0.0008622	0.0000427	
491	0.0085862	0.0040472	0.0000113	0.0035001	0.0005358	
492	0.0397350	0.0247842	0.0002414	0.0245428	0.0000000	
493	0.0024551	0.0021406	0.0000009	0.0021397	0.0000000	
494	0.0734346	0.0362521	0.0008246	0.0334563	0.0019712	
495	0.0415165	0.0033598	0.0002636	0.0028348	0.0002614	
496	0.0027844	0.0002259	0.0000012	0.0002247	0.0000000	
497	0.0286054	0.0020268	0.0001251	0.0018754	0.0000262	
498	0.1145956	0.0746244	0.0020081	0.0419938	0.0306225	
499	0.0204204	0.0192278	0.0000638	0.0185824	0.0005816	
500	0.0047375	0.0003999	0.0000034	0.0003913	0.0000052	
501	0.0287691	0.0752430	0.0001266	0.0273216	0.0477948	
502	0.0058388	0.0008636	0.0000052	0.0005464	0.0003120	
503	0.0049369	0.0003270	0.0000037	0.0003100	0.0000132	
504	0.0430972	0.0323296	0.0002840	0.0198394	0.0122062	
505	0.2774354	0.3777528	0.0117697	0.2425681	0.1234150	
506	0.0266501	0.0105236	0.0001086	0.0098071	0.0006079	
507	0.0102639	0.0090747	0.0000161	0.0090586	0.0000000	
508	0.0047823	0.0003639	0.0000035	0.0003363	0.0000241	
509	0.0195861	0.0027530	0.0000587	0.0017885	0.0009059	
510	0.0084985	0.0010035	0.0000110	0.0009225	0.0000699	
511	0.0056461	0.0051776	0.0000049	0.0051661	0.0000066	
512	0.0119736	0.0014729	0.0000219	0.0013381	0.0001128	
513	0.0084945	0.0009171	0.0000110	0.0009061	0.0000000	
514	0.0142653	0.0055510	0.0000311	0.0052575	0.0002624	
515	0.0026149	0.0003128	0.0000010	0.0002591	0.0000527	
516	0.0082872	0.0011555	0.0000105	0.0009971	0.0001479	
517	0.0133351	0.0065564	0.0000272	0.0065292	0.0000000	
518	0.0070514	0.0008464	0.0000076	0.0006903	0.0001485	
519	0.3932319	0.4379462	0.0236450	0.3284226	0.0858786	
520	0.0097949	0.0010817	0.0000147	0.0009281	0.0001388	
521	0.0080116	0.0011976	0.0000098	0.0011878	0.0000000	
522	0.0227410	0.0092359	0.0000791	0.0087200	0.0004369	
523	0.0070140	0.0014813	0.0000075	0.0010096	0.0004641	
524	0.0051537	0.0006409	0.0000041	0.0005557	0.0000811	
525	0.0046553	0.0009834	0.0000033	0.0006801	0.0003000	
526	0.0038656	0.0010820	0.0000023	0.0006260	0.0004537	
527	0.0145103	0.0023987	0.0000322	0.0023533	0.0000132	
528	0.0188231	0.0036308	0.0000542	0.0033383	0.0002384	
529	0.0035925	0.0005546	0.0000020	0.0003601	0.0001926	
530	0.1093295	0.0859972	0.0018278	0.0835618	0.0006077	
531	0.0028028	0.0005288	0.0000012	0.0004440	0.0000836	
532	0.0527584	0.0101027	0.0004256	0.0085874	0.0010896	
533	0.0189997	0.0060887	0.0000552	0.0031697	0.0028638	
534	0.0152868	0.0054853	0.0000357	0.0054381	0.0000115	
535	0.0018565	0.0003306	0.0000005	0.0003301	0.0000000	
536	0.0078384	0.0382849	0.0000094	0.0067023	0.0315732	
537	0.0043629	0.0015870	0.0000029	0.0006844	0.0008997	
538	0.0072658	0.0027918	0.0000081	0.0011332	0.0016505	
539	0.5048329	0.5794806	0.0389707	0.4051128	0.1353971	
540	0.0027677	0.0013174	0.0000012	0.0004370	0.0008792	
541	0.0764492	0.0148195	0.0008937	0.0119576	0.0019681	
542	0.0117571	0.0015868	0.0000211	0.0012402	0.0003255	
543	0.0104158	0.0016923	0.0000166	0.0016197	0.0000560	
544	0.0148435	0.0016286	0.0000337	0.0015349	0.0000600	
545	0.0041426	0.0014740	0.0000026	0.0007379	0.0007335	
546	0.0089862	0.0011846	0.0000123	0.0009697	0.0002025	
547	0.0028725	0.0003041	0.0000013	0.0003015	0.0000013	
548	0.0384422	0.0080662	0.0002260	0.0068441	0.0009961	
549	0.0441029	0.0067427	0.0002974	0.0062200	0.0002253	
550	0.0096489	0.0249779	0.0000142	0.0088137	0.0161499	
551	0.0035734	0.0031300	0.0000020	0.0031280	0.0000000	
552	0.0042805	0.0007357	0.0000028	0.0006640	0.0000688	
553	0.0085040	0.0012803	0.0000111	0.0012463	0.0000229	
554	0.0131934	0.0028782	0.0000266	0.0023571	0.0004945	
555	0.0044168	0.0008832	0.0000030	0.0007620	0.0001182	
556	0.0140663	0.0412942	0.0000303	0.0087911	0.0324728	
557	0.0070400	0.0014032	0.0000076	0.0012699	0.0001257	
558	0.0657602	0.0149180	0.0006613	0.0117883	0.0024684	
559	0.0082169	0.0015283	0.0000103	0.0013616	0.0001564	
560	0.3455513	0.4634968	0.0182586	0.2758039	0.1694343	
561	0.0029788	0.0006503	0.0000014	0.0005034	0.0001455	
562	0.0902259	0.1975040	0.0012448	0.0749247	0.1213344	
563	0.0253973	0.0047521	0.0000986	0.0042222	0.0004312	
564	0.0028956	0.0006705	0.0000013	0.0005593	0.0001099	
565	0.0109235	0.0051370	0.0000182	0.0021331	0.0029857	
566	0.0091356	0.0042904	0.0000128	0.0040658	0.0002118	
567	0.0080730	0.0023448	0.0000100	0.0016292	0.0007056	
568	0.0079478	0.0423035	0.0000097	0.0046947	0.0375991	
569	0.0039256	0.0010094	0.0000024	0.0008035	0.0002035	
570	0.0013674	0.0002527	0.0000003	0.0002467	0.0000058	
571	0.0109307	0.0020365	0.0000183	0.0019506	0.0000676	
572	0.0013960	0.0003560	0.0000003	0.0002577	0.0000979	
573	0.0016498	0.0004026	0.0000004	0.0003397	0.0000625	
574	0.0227450	0.0058476	0.0000791	0.0039282	0.0018403	
575	0.1541835	0.2256604	0.0036351	0.1196366	0.1023887	
576	0.0424614	0.0327155	0.0002757	0.0302075	0.0022323	
577	0.1523929	0.2703115	0.0035512	0.1215342	0.1452261	
578	0.0830995	0.0233561	0.0010559	0.0157606	0.0065396	
579	0.0049962	0.0015771	0.0000038	0.0010265	0.0005467	
580	0.0057946	0.0020890	0.0000051	0.0011544	0.0009294	
581	0.0181829	0.0072482	0.0000506	0.0034609	0.0037368	
582	0.0043948	0.0027619	0.0000030	0.0024201	0.0003389	
583	0.0057414	0.0013734	0.0000050	0.0011944	0.0001739	
584	0.0148136	0.0038804	0.0000336	0.0029671	0.0008797	
585	0.0175447	0.0368234	0.0000471	0.0090831	0.0276932	
586	0.0038425	0.0007205	0.0000023	0.0007182	0.0000000	
587	0.0147818	0.0117911	0.0000334	0.0117577	0.0000000	
588	0.0797838	0.0201347	0.0009734	0.0138676	0.0052937	
589	0.0079023	0.0016757	0.0000095	0.0015233	0.0001428	
590	0.0327529	0.0586970	0.0001640	0.0259653	0.0325677	
591	0.0047345	0.0030928	0.0000034	0.0030845	0.0000049	
592	0.0012224	0.0003967	0.0000002	0.0002401	0.0001564	
593	0.0020647	0.0012607	0.0000007	0.0012224	0.0000377	
594	0.0433824	0.0158824	0.0002878	0.0081940	0.0074006	
595	0.0012694	0.0001559	0.0000002	0.0001556	0.0000000	
596	0.0062802	0.0084296	0.0000060	0.0032228	0.0052007	
597	0.0102315	0.0023530	0.0000160	0.0019992	0.0003378	
598	0.1212121	0.0309263	0.0022466	0.0212842	0.0073954	
599	0.0232668	0.0118617	0.0000828	0.0117252	0.0000537	
600	0.0057243	0.0040343	0.0000050	0.0030357	0.0009935	
601	0.0093889	0.0019005	0.0000135	0.0018870	0.0000000	
602	0.0135072	0.0086894	0.0000279	0.0079456	0.0007159	
603	0.0793606	0.0093260	0.0009631	0.0083599	0.0000030	
604	0.0056480	0.0037886	0.0000049	0.0037834	0.0000003	
605	0.0024000	0.0006281	0.0000009	0.0004319	0.0001954	
606	0.0112007	0.0062590	0.0000192	0.0022188	0.0040210	
607	0.0013803	0.0013735	0.0000003	0.0008352	0.0005379	
608	0.0056129	0.0033868	0.0000048	0.0030108	0.0003712	
609	0.0071820	0.0041341	0.0000079	0.0041262	0.0000000	
610	0.0058549	0.0262997	0.0000052	0.0041699	0.0221246	
611	0.0352294	0.0178210	0.0001898	0.0168431	0.0007881	
612	0.0065936	0.0009220	0.0000066	0.0009153	0.0000000	
613	0.0029131	0.0016402	0.0000013	0.0016389	0.0000000	
614	0.0031922	0.0034394	0.0000016	0.0019591	0.0014788	
615	0.0034562	0.0006623	0.0000018	0.0005457	0.0001148	
616	0.0319542	0.0073824	0.0001561	0.0056121	0.0016142	
617	0.0054616	0.0009836	0.0000046	0.0008591	0.0001199	
618	0.0917048	0.0489780	0.0012860	0.0444867	0.0032053	
619	0.0044166	0.0009890	0.0000030	0.0007514	0.0002346	
620	0.0869292	0.0769604	0.0011555	0.0592381	0.0165667	
621	0.0304766	0.0226227	0.0001420	0.0134316	0.0090491	
622	0.0086276	0.0066128	0.0000114	0.0034046	0.0031968	
623	0.5069550	0.3830003	0.0392990	0.3337832	0.0099181	
624	0.0045376	0.0009854	0.0000031	0.0008222	0.0001600	
625	0.0130403	0.0126896	0.0000260	0.0088969	0.0037667	
626	0.0523377	0.0463035	0.0004189	0.0236642	0.0222204	
627	0.0443334	0.0392685	0.0003005	0.0217648	0.0172032	
628	0.0022733	0.0006657	0.0000008	0.0006649	0.0000000	
629	0.0027697	0.0011324	0.0000012	0.0006766	0.0004547	
630	0.0089689	0.0014391	0.0000123	0.0012082	0.0002186	
631	0.0096442	0.0011581	0.0000142	0.0010677	0.0000761	
632	0.0028456	0.0024223	0.0000012	0.0009608	0.0014603	
633	0.0102031	0.0019697	0.0000159	0.0015350	0.0004188	
634	0.0122155	0.0022218	0.0000228	0.0017519	0.0004470	
635	0.0031089	0.0008336	0.0000015	0.0008254	0.0000067	
636	0.0062588	0.0069527	0.0000060	0.0033247	0.0036220	
637	0.0075698	0.0112066	0.0000088	0.0036953	0.0075025	
638	0.0016914	0.0008833	0.0000004	0.0007842	0.0000987	
639	0.0024391	0.0010597	0.0000009	0.0010588	0.0000000	
640	0.0018601	0.0013115	0.0000005	0.0013110	0.0000000	
641	0.0049642	0.0006092	0.0000038	0.0005612	0.0000441	
642	0.0588621	0.0070206	0.0005298	0.0063536	0.0001372	
643	0.0045382	0.0015902	0.0000031	0.0011197	0.0004674	
644	0.0014867	0.0010738	0.0000003	0.0010734	0.0000000	
645	0.0034188	0.0003349	0.0000018	0.0003285	0.0000046	
646	0.0101071	0.0054102	0.0000156	0.0053944	0.0000002	
647	0.0048153	0.0046002	0.0000035	0.0021370	0.0024596	
648	0.0039087	0.0022427	0.0000023	0.0021218	0.0001185	
649	0.0077652	0.0045192	0.0000092	0.0022852	0.0022248	
650	0.0220829	0.0027756	0.0000746	0.0025312	0.0001698	
651	0.0023340	0.0054542	0.0000008	0.0012625	0.0041909	
652	0.0616343	0.0426027	0.0005809	0.0393563	0.0026655	
653	0.0175016	0.0063720	0.0000468	0.0050683	0.0012569	
654	0.0084103	0.0010129	0.0000108	0.0009198	0.0000823	
655	0.0077640	0.0110235	0.0000092	0.0042089	0.0068053	
656	0.0091543	0.0023879	0.0000128	0.0023441	0.0000309	
657	0.0445750	0.0380108	0.0003038	0.0311149	0.0065920	
658	0.0250118	0.0076828	0.0000957	0.0070837	0.0005034	
659	0.0099015	0.0015300	0.0000150	0.0011062	0.0004088	
660	0.0099860	0.0054499	0.0000152	0.0054347	0.0000000	
661	0.0033264	0.0007445	0.0000017	0.0007000	0.0000428	
662	0.0078123	0.0027098	0.0000093	0.0026062	0.0000942	
663	0.0050427	0.0011926	0.0000039	0.0011371	0.0000515	
664	0.0048110	0.0013105	0.0000035	0.0012371	0.0000698	
665	0.2482384	0.1376554	0.0094228	0.1190920	0.0091407	
666	0.1023083	0.0398679	0.0016005	0.0306638	0.0076035	
667	0.0028765	0.0004876	0.0000013	0.0004834	0.0000030	
668	0.0115120	0.0011454	0.0000203	0.0010023	0.0001228	
669	0.0030194	0.0001137	0.0000014	0.0001123	0.0000000	
670	0.0347657	0.0033753	0.0001848	0.0029253	0.0002652	
671	0.0208231	0.0031877	0.0000663	0.0029246	0.0001967	
672	0.0214505	0.0323312	0.0000704	0.0115867	0.0206741	
673	0.0285261	0.0025056	0.0001244	0.0023377	0.0000434	
674	0.0073339	0.0010512	0.0000082	0.0010010	0.0000419	
675	0.6226134	0.5168165	0.0592761	0.3462999	0.1112405	
676	0.0101782	0.0005091	0.0000158	0.0004817	0.0000115	
677	0.0034435	0.0003055	0.0000018	0.0003037	0.0000000	
678	0.0254051	0.0034330	0.0000987	0.0032862	0.0000481	
679	0.0016640	0.0000680	0.0000004	0.0000676	0.0000000	
680	0.0390211	0.0104270	0.0002328	0.0101565	0.0000376	
681	0.0704341	0.0237232	0.0007586	0.0199460	0.0030186	
682	0.7597061	0.4546599	0.0882538	0.3407194	0.0256866	
683	0.0948642	0.0621230	0.0013761	0.0581702	0.0025767	
684	0.1120231	0.0402199	0.0019189	0.0383010	0.0000000	
685	0.2150821	0.0752513	0.0070738	0.0681775	0.0000000	
686	0.0362870	0.0399078	0.0002013	0.0397065	0.0000000	
687	0.0022196	0.0054716	0.0000008	0.0054709	0.0000000	
688	0.3065415	0.6135516	0.0143688	0.4414623	0.1577204	
689	0.0022295	0.0050756	0.0000008	0.0035781	0.0014967	
690	0.1183905	0.3278622	0.0021433	0.3257189	0.0000000	
691	0.2381601	0.3121004	0.0086732	0.2991658	0.0042613	
692	0.0162073	0.0233503	0.0000402	0.0233101	0.0000000	
693	0.0023923	0.0021377	0.0000009	0.0021368	0.0000000	
694	0.0867133	0.5277692	0.0011498	0.2466768	0.2799426	
695	0.0758260	0.0151112	0.0008792	0.0142320	0.0000000	
696	0.0737235	0.2126538	0.0008311	0.2118226	0.0000000	
697	0.0113537	0.0308335	0.0000197	0.0308137	0.0000000	
698	0.0314244	0.0821292	0.0001510	0.0819782	0.0000000	
699	1.1647270	2.1328180	0.2074389	1.5618310	0.3635482	
700	0.0425094	0.0699179	0.0002763	0.0696018	0.0000398	
701	0.0206523	0.0298309	0.0000652	0.0297657	0.0000000	
702	0.0260644	0.3512881	0.0001039	0.0737579	0.2774262	
703	0.0078043	0.0225615	0.0000093	0.0225522	0.0000000	
704	1.4277480	3.5403160	0.3117061	3.2076710	0.0209394	
705	0.0034120	0.0098243	0.0000018	0.0098225	0.0000000	
706	0.0083795	0.0241371	0.0000107	0.0238836	0.0002427	
707	0.0016422	0.0045895	0.0000004	0.0045891	0.0000000	
708	0.0255401	0.0709787	0.0000997	0.0708789	0.0000000	
709	0.0347019	0.0977291	0.0001841	0.0934475	0.0040975	
710	0.0028099	0.0079663	0.0000012	0.0079651	0.0000000	
711	0.0094959	0.0274109	0.0000138	0.0273971	0.0000000	
712	0.0035750	0.0104313	0.0000020	0.0100602	0.0003691	
713	0.0074781	0.0209511	0.0000086	0.0209425	0.0000000	
714	0.0033790	0.0092752	0.0000017	0.0092734	0.0000001	
715	0.0014907	0.0040617	0.0000003	0.0040613	0.0000000	
716	0.2088254	0.5332179	0.0066682	0.5248358	0.0017138	
717	0.0031407	0.0087511	0.0000015	0.0087496	0.0000000	
718	0.0051036	0.0145485	0.0000040	0.0145445	0.0000000	
719	0.0043280	0.0124635	0.0000029	0.0124607	0.0000000	
720	0.1967485	0.5297925	0.0059192	0.5238732	0.0000000	
721	0.0086700	0.0248642	0.0000115	0.0248527	0.0000000	
722	0.1228936	0.3228658	0.0023094	0.3200674	0.0004890	
723	0.0049818	0.0111848	0.0000038	0.0109913	0.0001897	
724	0.0187145	0.0433103	0.0000536	0.0422307	0.0010260	
725	0.0075607	0.0163034	0.0000087	0.0159980	0.0002966	
726	0.0028722	0.0080403	0.0000013	0.0071148	0.0009242	
727	0.1099457	0.3111066	0.0018484	0.3092581	0.0000000	
728	0.0011270	0.0025726	0.0000002	0.0025724	0.0000000	
729	0.1937490	0.5055653	0.0057401	0.4998252	0.0000000	
730	0.0973979	0.3809330	0.0014506	0.2329825	0.1464999	
731	6.1864220	13.5031000	5.8522300	6.5817190	1.0691550	
732	0.2682190	0.6170683	0.0110007	0.6060404	0.0000272	
