OBJECTID;Id;ORIG_FID;Patches;x;y
1;0;0;1;-83,6058273;8,5499706
2;0;1;2;-83,3190689;8,7929678
3;0;2;3;-83,4025421;8,8273792
4;0;3;4;-82,5772171;9,5752439
5;0;4;5;-82,6396942;9,6222420
6;0;5;6;-83,1593552;10,0455666
7;0;6;7;-83,2181625;10,1126251
8;0;7;8;-83,2153397;10,1316633
9;0;8;9;-83,2065430;10,1293640
10;0;9;10;-83,2701187;10,1451740
11;0;10;11;-83,2402802;10,1461544
12;0;11;12;-83,2759552;10,1765013
13;0;12;13;-83,3862305;10,3358717
14;0;13;14;-83,4958038;10,3771839
15;0;14;15;-83,4956131;10,3857880
16;0;15;16;-83,4700241;10,3837576
17;0;16;17;-83,4953156;10,4197254
18;0;17;18;-83,4693604;10,4097624
19;0;18;19;-83,4888611;10,4493427
20;0;19;20;-83,5012970;10,4704571
21;0;20;21;-83,5031509;10,4916401
22;0;21;22;-83,5000534;10,5050735
23;0;22;23;-83,5265121;10,5265894
24;0;23;24;-83,5930710;10,5488243
25;0;24;25;-83,5841522;10,5471411
26;0;25;26;-83,5417480;10,5664873
27;0;26;27;-83,6000519;10,5642090
28;0;27;28;-83,5914230;10,5700169
29;0;28;29;-83,5496140;10,5567541
30;0;29;30;-83,5811310;10,5737934
31;0;30;31;-83,6686172;10,5899649
32;0;31;32;-83,6545715;10,6005220
33;0;32;33;-83,5987549;10,5895042
34;0;33;34;-83,6477280;10,6119871
35;0;34;35;-83,6506348;10,6150188
36;0;35;36;-83,6245041;10,6263208
37;0;36;37;-83,6512985;10,6507339
38;0;37;38;-84,7447052;10,6730423
39;0;38;39;-83,6572571;10,6826973
40;0;39;40;-84,7429657;10,6779938
41;0;40;41;-83,7105865;10,6676960
42;0;41;42;-83,8372650;10,6930208
43;0;42;43;-84,7252350;10,6869841
44;0;43;44;-84,7462234;10,6934528
45;0;44;45;-84,7473526;10,6980791
46;0;45;46;-84,7251358;10,7012186
47;0;46;47;-84,7359085;10,6936121
48;0;47;48;-84,7279434;10,7043581
49;0;48;49;-83,7029572;10,7022877
50;0;49;50;-83,8091278;10,7048979
51;0;50;51;-84,7333755;10,7056341
52;0;51;52;-84,7427673;10,7054110
53;0;52;53;-84,7355118;10,7091007
54;0;53;54;-83,7698135;10,6950245
55;0;54;55;-83,7230453;10,7185984
56;0;55;56;-83,5907364;10,6559000
57;0;56;57;-83,9838943;10,7256584
58;0;57;58;-83,9173813;10,7257214
59;0;58;59;-83,8936234;10,7303410
60;0;59;60;-83,6833954;10,7146473
61;0;60;61;-84,7349777;10,7213879
62;0;61;62;-83,9460297;10,7414808
63;0;62;63;-84,7386093;10,7319918
64;0;63;64;-84,7438889;10,7349491
65;0;64;65;-83,9050217;10,7454815
66;0;65;66;-83,9551392;10,7398825
67;0;66;67;-83,8806763;10,7428913
68;0;67;68;-83,7552414;10,7366438
69;0;68;69;-83,9249344;10,7421780
70;0;69;70;-83,9525528;10,7526474
71;0;70;71;-83,8784943;10,7524824
72;0;71;72;-83,9776154;10,7601004
73;0;72;73;-84,7203674;10,7565079
74;0;73;74;-83,9939499;10,7659073
75;0;74;75;-83,7765350;10,7687569
76;0;75;76;-83,8172684;10,7627878
77;0;76;77;-84,7284012;10,7609100
78;0;77;78;-83,6624527;10,7567215
79;0;78;79;-83,7558289;10,7787209
80;0;79;80;-83,8165359;10,7772245
81;0;80;81;-83,7518616;10,7813931
82;0;81;82;-83,7887955;10,7803383
83;0;82;83;-83,8133774;10,7818394
84;0;83;84;-83,7622375;10,7837954
85;0;84;85;-84,7460403;10,7826195
86;0;85;86;-83,7952271;10,7926865
87;0;86;87;-83,8161087;10,7952881
88;0;87;88;-83,8051147;10,8096905
89;0;88;89;-83,8126068;10,8102465
90;0;89;90;-83,7888565;10,8146839
91;0;90;91;-83,7908020;10,8215942
92;0;91;92;-83,7224731;10,8099775
93;0;92;93;-84,8074036;10,8344307
94;0;93;94;-84,7881927;10,8346014
95;0;94;95;-83,7557526;10,8421793
96;0;95;96;-83,7428055;10,8459854
97;0;96;97;-83,7712097;10,8544273
98;0;97;98;-84,7390518;10,8384266
99;0;98;99;-84,7938385;10,8413019
100;0;99;100;-83,7522888;10,8533154
101;0;100;101;-83,7445602;10,8554325
102;0;101;102;-83,7574081;10,8597822
103;0;102;103;-84,8245621;10,8547497
104;0;103;104;-83,7007904;10,8620062
105;0;104;105;-84,8104401;10,8585968
106;0;105;106;-84,7663803;10,8450928
107;0;106;107;-83,7124710;10,8707867
108;0;107;108;-83,7833710;10,8834734
109;0;108;109;-83,6859207;10,8396168
110;0;109;110;-83,7805328;10,8797083
111;0;110;111;-83,7796936;10,8905182
112;0;111;112;-83,7567596;10,8830318
113;0;112;113;-84,9742813;10,8801126
114;0;113;114;-83,7913361;10,8944139
115;0;114;115;-83,7257080;10,8627758
116;0;115;116;-84,9710083;10,8846874
117;0;116;117;-84,9951630;10,8779860
118;0;117;118;-83,7874985;10,9022341
119;0;118;119;-84,9763489;10,8911800
120;0;119;120;-84,9887695;10,8923531
121;0;120;121;-84,9942245;10,8904629
122;0;121;122;-83,7995453;10,9058285
123;0;122;123;-84,9828720;10,8973837
124;0;123;124;-83,7754288;10,8999157
125;0;124;125;-83,6630020;10,9109573
126;0;125;126;-84,9799194;10,8998861
127;0;126;127;-83,7547913;10,9021511
128;0;127;128;-83,8184814;10,9083710
129;0;128;129;-83,7580032;10,9147387
130;0;129;130;-84,8161163;10,9063711
131;0;130;131;-83,7175064;10,9143639
132;0;131;132;-84,8845444;10,9035673
133;0;132;133;-83,6904297;10,9130116
134;0;133;134;-83,7419205;10,9270287
135;0;134;135;-83,7338562;10,9117870
136;0;135;136;-83,8130569;10,9231749
137;0;136;137;-83,7467880;10,9307261
138;0;137;138;-83,8132324;10,9315863
139;0;138;139;-84,7978287;10,9219418
140;0;139;140;-83,7474976;10,9354620
141;0;140;141;-83,6809387;10,9313002
142;0;141;142;-83,7582092;10,9248753
143;0;142;143;-83,7132187;10,9368553
144;0;143;144;-83,8136215;10,9406004
145;0;144;145;-83,7744751;10,9263821
146;0;145;146;-83,7469482;10,9435978
147;0;146;147;-84,8781052;10,9317017
148;0;147;148;-83,8118820;10,9475441
149;0;148;149;-84,8094788;10,9373322
150;0;149;150;-83,8039627;10,9501457
151;0;150;151;-84,4838181;10,9467440
152;0;151;152;-84,8085556;10,9471006
153;0;152;153;-84,4858322;10,9528008
154;0;153;154;-84,8872375;10,9463806
155;0;154;155;-84,8460541;10,9140034
156;0;155;156;-84,8241730;10,9521370
157;0;156;157;-84,8385391;10,9520082
158;0;157;158;-84,8702087;10,9525213
159;0;158;159;-84,8008652;10,9391584
160;0;159;160;-84,9306870;10,9668360
161;0;160;161;-84,8033981;10,9734898
162;0;161;162;-84,9088821;10,9350948
163;0;162;163;-84,9569931;10,9831543
164;0;163;164;-84,8561630;10,9819689
165;0;164;165;-84,8825836;10,9893703
166;0;165;166;-84,9036560;10,9890747
167;0;166;167;-84,9455872;10,9972715
168;0;167;168;-83,8338013;11,0134029
169;0;168;169;-84,8115921;11,0137157
170;0;169;170;-84,7268677;11,0169106
171;0;170;171;-84,7445145;11,0107851
172;0;171;172;-84,9862595;10,9927168
173;0;172;173;-84,8246460;11,0255566
174;0;173;174;-83,8650665;11,0478506
175;0;174;175;-84,8039627;11,0353394
176;0;175;176;-83,8558197;11,0592728
177;0;176;177;-84,8164444;11,0492525
178;0;177;178;-83,9079819;11,0753736
179;0;178;179;-83,8905945;11,0653181
180;0;179;180;-83,8982697;11,0717497
181;0;180;181;-83,8538589;11,1857710
182;0;181;182;-83,9069977;11,1962490
183;0;182;183;-83,8599091;11,2122860
184;0;183;184;-83,9200974;11,2235155
185;0;184;185;-83,9188004;11,2346659
186;0;185;186;-83,9206390;11,2348242
187;0;186;187;-83,9261856;11,2561769
188;0;187;188;-83,9181671;11,2632446
189;0;188;189;-83,9260406;11,2816992
190;0;189;190;-83,9429626;11,3037853
191;0;190;191;-83,9106445;11,3080778
192;0;191;192;-83,9324646;11,3078289
193;0;192;193;-83,8877716;11,3517084
194;0;193;194;-83,9485703;11,3410454
195;0;194;195;-83,8875809;11,3830690
196;0;195;196;-83,8615189;11,4052343
197;0;196;197;-83,8001938;11,4477777
198;0;197;198;-83,8824844;11,4764729
199;0;198;199;-83,7994843;11,4652634
200;0;199;200;-83,8742371;11,4782143
201;0;200;201;-83,8636551;11,4866076
202;0;201;202;-83,8508759;11,4869633
203;0;202;203;-83,8220215;11,5023975
204;0;203;204;-83,8376617;11,4979286
205;0;204;205;-83,7802887;11,4937754
206;0;205;206;-83,7988434;11,5093441
207;0;206;207;-83,8141174;11,5155277
208;0;207;208;-83,8002777;11,5554094
209;0;208;209;-83,7785416;11,5352592
210;0;209;210;-83,7135925;11,5712881
211;0;210;211;-83,7429810;11,5703192
212;0;211;212;-83,7569733;11,5831823
213;0;212;213;-83,6904602;11,5987530
214;0;213;214;-83,6706619;11,6515551
215;0;214;215;-83,7527237;11,6935778
216;0;215;216;-83,7208939;11,6971378
217;0;216;217;-83,7362823;11,7064686
218;0;217;218;-83,7014771;11,7006664
219;0;218;219;-83,6965942;11,7178011
220;0;219;220;-83,7146606;11,7167282
221;0;220;221;-83,6818619;11,7430553
222;0;221;222;-83,6953506;11,7887096
223;0;222;223;-83,7904510;11,7970266
224;0;223;224;-83,8562317;11,8098259
225;0;224;225;-83,8253632;11,8114347
226;0;225;226;-83,8192673;11,8504086
227;0;226;227;-83,8194962;11,8586836
228;0;227;228;-83,7357712;11,8098564
229;0;228;229;-83,9006119;11,8686476
230;0;229;230;-83,9233322;11,8854713
231;0;230;231;-83,8966675;11,8930063
232;0;231;232;-83,8532410;11,8639107
233;0;232;233;-83,8406448;11,9058599
234;0;233;234;-83,7418213;11,9162493
235;0;234;235;-83,9060364;11,9202232
236;0;235;236;-83,8872910;11,9217529
237;0;236;237;-83,9064331;11,9323540
238;0;237;238;-83,7388840;11,9379797
239;0;238;239;-83,9164581;11,9377184
240;0;239;240;-83,8989182;11,9451036
241;0;240;241;-83,8816299;11,9488440
242;0;241;242;-83,7404251;11,9558659
243;0;242;243;-83,9045105;11,9708366
244;0;243;244;-83,8921661;11,9832907
245;0;244;245;-83,8778839;11,9712877
246;0;245;246;-83,7252426;11,9904928
247;0;246;247;-84,0446320;11,9999342
248;0;247;248;-84,0535507;12,0007801
249;0;248;249;-84,0260773;12,0014267
250;0;249;250;-84,0786819;12,0054388
251;0;250;251;-84,0638504;12,0075951
252;0;251;252;-83,8878098;12,0105896
253;0;252;253;-84,0347519;12,0193281
254;0;253;254;-84,0118484;12,0153494
255;0;254;255;-84,0576019;12,0205688
256;0;255;256;-83,9973297;12,0247202
257;0;256;257;-84,0003586;12,0437565
258;0;257;258;-83,9377670;12,0426264
259;0;258;259;-84,0275650;12,0404434
260;0;259;260;-83,9219208;12,0513506
261;0;260;261;-83,9833450;12,0548983
262;0;261;262;-84,0108261;12,0534849
263;0;262;263;-83,7958832;12,0637026
264;0;263;264;-83,9969559;12,0582008
265;0;264;265;-83,8486328;12,0693426
266;0;265;266;-83,7118073;12,0784845
267;0;266;267;-83,9817886;12,0754385
268;0;267;268;-83,6953125;12,0752792
269;0;268;269;-84,0043335;12,0810394
270;0;269;270;-83,7876511;12,0747433
271;0;270;271;-83,9943542;12,0821753
272;0;271;272;-83,7612762;12,0787354
273;0;272;273;-84,0335388;12,0740242
274;0;273;274;-83,8494034;12,0830526
275;0;274;275;-83,9222946;12,0806637
276;0;275;276;-83,9834671;12,0867596
277;0;276;277;-83,7848663;12,0916014
278;0;277;278;-83,9673386;12,0892525
279;0;278;279;-83,9016953;12,0975323
280;0;279;280;-83,9899139;12,1010904
281;0;280;281;-84,0520096;12,0990267
282;0;281;282;-84,0320511;12,1027470
283;0;282;283;-84,0459442;12,1045761
284;0;283;284;-83,9569702;12,1048813
285;0;284;285;-83,6973801;12,1075802
286;0;285;286;-84,0350800;12,1051016
287;0;286;287;-83,8776855;12,1040964
288;0;287;288;-84,0396194;12,1104002
289;0;288;289;-83,9426727;12,1089640
290;0;289;290;-83,7335205;12,1164951
291;0;290;291;-83,7992554;12,1142473
292;0;291;292;-84,0111542;12,1104755
293;0;292;293;-83,7834625;12,1227551
294;0;293;294;-83,6966019;12,1215925
295;0;294;295;-83,7028275;12,1294546
296;0;295;296;-83,7682953;12,1128731
297;0;296;297;-83,7761002;12,1344633
298;0;297;298;-83,9565582;12,1322184
299;0;298;299;-83,7737122;12,1385689
300;0;299;300;-83,7343674;12,1342068
301;0;300;301;-83,8050156;12,1375370
302;0;301;302;-83,7702789;12,1498404
303;0;302;303;-83,9060059;12,1495085
304;0;303;304;-83,9153366;12,1366882
305;0;304;305;-83,8838806;12,1485500
306;0;305;306;-83,7583160;12,1475277
307;0;306;307;-83,7476349;12,1506357
308;0;307;308;-83,7073975;12,1490269
309;0;308;309;-83,7641907;12,1560469
310;0;309;310;-83,7374878;12,1541262
311;0;310;311;-83,7877502;12,1593580
312;0;311;312;-83,8337021;12,1652288
313;0;312;313;-83,9092712;12,1628647
314;0;313;314;-83,8129196;12,3346987
315;0;314;315;-83,8105164;12,3395739
316;0;315;316;-83,7710800;12,3442602
317;0;316;317;-83,8216476;12,3452377
318;0;317;318;-83,7778244;12,3472595
319;0;318;319;-83,8308029;12,3556156
320;0;319;320;-83,8165131;12,3555994
321;0;320;321;-83,7789078;12,3735771
322;0;321;322;-83,7630157;12,3751259
323;0;322;323;-83,7532806;12,3780060
324;0;323;324;-83,7644043;12,3818712
325;0;324;325;-83,7867050;12,4062605
326;0;325;326;-83,7671356;12,4096651
327;0;326;327;-83,7786331;12,4380064
328;0;327;328;-83,8149796;12,4639940
329;0;328;329;-83,7897949;12,4590569
330;0;329;330;-83,8184967;12,4713173
331;0;330;331;-83,8097000;12,4765434
332;0;331;332;-83,8028107;12,4854918
333;0;332;333;-83,7857132;12,5003090
334;0;333;334;-83,7771606;12,5414314
335;0;334;335;-83,7503128;12,5667667
336;0;335;336;-83,7540665;12,5789270
337;0;336;337;-83,7443390;12,5917473
338;0;337;338;-83,6208801;12,6207743
339;0;338;339;-83,6766968;12,6130266
340;0;339;340;-83,6225052;12,6441383
341;0;340;341;-83,5583038;12,6568146
342;0;341;342;-83,7482376;12,7730217
343;0;342;343;-83,7502289;12,7751780
344;0;343;344;-83,8724670;12,7842073
345;0;344;345;-83,8839951;12,7841482
346;0;345;346;-83,7612915;12,7927437
347;0;346;347;-83,8769531;12,7922049
348;0;347;348;-83,5345306;12,7985497
349;0;348;349;-83,6993103;12,7980137
350;0;349;350;-83,7629013;12,7969160
351;0;350;351;-83,8733749;12,8007231
352;0;351;352;-83,7044983;12,8040543
353;0;352;353;-83,5495758;12,8075113
354;0;353;354;-83,6547699;12,8038321
355;0;354;355;-83,5616150;12,8109312
356;0;355;356;-83,9234161;12,7998896
357;0;356;357;-83,7927170;12,8086967
358;0;357;358;-83,9620056;12,8104048
359;0;358;359;-83,8557968;12,8052444
360;0;359;360;-83,5528183;12,8156023
361;0;360;361;-83,7621689;12,8140926
362;0;361;362;-83,7943878;12,8144226
363;0;362;363;-83,6548538;12,8207560
364;0;363;364;-83,5674744;12,8241863
365;0;364;365;-83,9380493;12,8135796
366;0;365;366;-83,8347015;12,8266726
367;0;366;367;-83,9746323;12,8278179
368;0;367;368;-83,8902817;12,8171730
369;0;368;369;-83,9383316;12,8322182
370;0;369;370;-83,9825592;12,8339663
371;0;370;371;-83,8716888;12,8306274
372;0;371;372;-83,6529541;12,8397579
373;0;372;373;-83,5385361;12,8406115
374;0;373;374;-83,8406372;12,8364420
375;0;374;375;-83,9589615;12,8265724
376;0;375;376;-83,6547241;12,8446941
377;0;376;377;-83,5753326;12,8464918
378;0;377;378;-83,9532547;12,8407078
379;0;378;379;-83,5584946;12,8497467
380;0;379;380;-83,6573029;12,8453026
381;0;380;381;-83,6220016;12,8275928
382;0;381;382;-83,7530060;12,8297129
383;0;382;383;-83,5790710;12,8505964
384;0;383;384;-83,5795898;12,8568420
385;0;384;385;-83,9986343;12,8471985
386;0;385;386;-83,5726089;12,8577518
387;0;386;387;-83,6001205;12,8618031
388;0;387;388;-83,5771255;12,8630705
389;0;388;389;-83,5865784;12,8609333
390;0;389;390;-83,5804443;12,8604174
391;0;390;391;-83,8787231;12,8521109
392;0;391;392;-83,5811005;12,8660393
393;0;392;393;-83,8709106;12,8651009
394;0;393;394;-83,5941238;12,8447084
395;0;394;395;-83,9573288;12,8619289
396;0;395;396;-83,8119736;12,8704910
397;0;396;397;-83,9833374;12,8565922
398;0;397;398;-83,6143494;12,8737688
399;0;398;399;-83,8867416;12,8645477
400;0;399;400;-83,6571198;12,8681726
401;0;400;401;-83,6153717;12,8778467
402;0;401;402;-83,9456482;12,8761015
403;0;402;403;-83,8536758;12,8534880
404;0;403;404;-83,5679855;12,8813639
405;0;404;405;-83,9519196;12,8789940
406;0;405;406;-83,9583969;12,8789339
407;0;406;407;-83,5515289;12,8814087
408;0;407;408;-83,5743408;12,8735571
409;0;408;409;-83,8655472;12,8825092
410;0;409;410;-83,6315002;12,8878813
411;0;410;411;-83,7475586;12,8561430
412;0;411;412;-83,9884033;12,8917665
413;0;412;413;-83,8358994;12,8970337
414;0;413;414;-83,6649475;12,8941946
415;0;414;415;-83,8755951;12,8985510
416;0;415;416;-83,8429031;12,9080334
417;0;416;417;-83,8501511;12,9098082
418;0;417;418;-83,8415604;12,9169540
419;0;418;419;-83,7951126;12,9055519
420;0;419;420;-83,8579407;12,8912773
421;0;420;421;-83,5565720;12,9141550
422;0;421;422;-83,6220322;12,9154654
423;0;422;423;-83,7419281;12,9345007
424;0;423;424;-83,7349014;12,9424753
425;0;424;425;-83,7460861;12,9420233
426;0;425;426;-83,7404022;12,9421492
427;0;426;427;-83,5906296;12,9446831
428;0;427;428;-83,5823822;12,9460068
429;0;428;429;-83,5347214;12,9549313
430;0;429;430;-83,5396576;12,9570875
431;0;430;431;-83,6858521;12,9264107
432;0;431;432;-83,5433578;12,9578066
433;0;432;433;-83,7124481;12,9440298
434;0;433;434;-83,7625961;12,9702873
435;0;434;435;-83,8375549;12,9932137
436;0;435;436;-83,8492661;12,9976501
437;0;436;437;-83,7976532;12,9509459
438;0;437;438;-83,7850037;13,0097551
439;0;438;439;-83,8075790;13,0141230
440;0;439;440;-83,7877197;13,0253057
441;0;440;441;-83,7824402;13,0236750
442;0;441;442;-83,7791214;13,0327587
443;0;442;443;-83,8723831;13,0374708
444;0;443;444;-83,8707962;13,0447168
445;0;444;445;-83,8052216;13,0440760
446;0;445;446;-83,8229370;13,0580997
447;0;446;447;-83,8576126;13,1472454
448;0;447;448;-83,8613205;13,1466923
449;0;448;449;-83,9069977;13,1650476
450;0;449;450;-83,9058609;13,1673679
451;0;450;451;-84,0742493;13,1714363
452;0;451;452;-84,0064697;13,1941347
453;0;452;453;-84,1092758;13,2049217
454;0;453;454;-84,1394806;13,2172709
455;0;454;455;-84,1492462;13,2191143
456;0;455;456;-84,1525879;13,2264109
457;0;456;457;-83,5873566;13,2320566
458;0;457;458;-84,0950394;13,2381353
459;0;458;459;-84,1416779;13,2396889
460;0;459;460;-84,1526642;13,2422686
461;0;460;461;-84,1190796;13,2555990
462;0;461;462;-84,1211853;13,2594118
463;0;462;463;-84,1340179;13,2587643
464;0;463;464;-84,1260452;13,2511520
465;0;464;465;-83,5782089;13,2722445
466;0;465;466;-84,1072235;13,2936907
467;0;466;467;-83,5992432;13,3022642
468;0;467;468;-84,1185150;13,2979794
469;0;468;469;-84,1344681;13,2837400
470;0;469;470;-83,7476578;13,3039465
471;0;470;471;-84,1177292;13,3033113
472;0;471;472;-84,1256790;13,2883158
473;0;472;473;-83,6818695;13,3082819
474;0;473;474;-83,6858521;13,3103247
475;0;474;475;-83,6897354;13,3212767
476;0;475;476;-83,6919327;13,3292713
477;0;476;477;-83,6825027;13,3331976
478;0;477;478;-83,6874161;13,3332424
479;0;478;479;-83,6931000;13,3338346
480;0;479;480;-83,6945953;13,3271427
481;0;480;481;-83,7551804;13,3352385
482;0;481;482;-84,1001968;13,3311930
483;0;482;483;-84,1118011;13,3313560
484;0;483;484;-83,5792847;13,3197193
485;0;484;485;-83,6084976;13,3333454
486;0;485;486;-83,7697754;13,3385201
487;0;486;487;-83,6146545;13,3407421
488;0;487;488;-83,6925201;13,3437185
489;0;488;489;-83,9647141;13,3411245
490;0;489;490;-83,6037064;13,3464804
491;0;490;491;-83,6069717;13,3449144
492;0;491;492;-83,6465149;13,3457785
493;0;492;493;-83,7464981;13,3501663
494;0;493;494;-83,6180649;13,3440962
495;0;494;495;-83,9726791;13,3479652
496;0;495;496;-83,9548721;13,3530130
497;0;496;497;-83,9828186;13,3507996
498;0;497;498;-83,5841293;13,3502817
499;0;498;499;-83,7461624;13,3559484
500;0;499;500;-83,9587631;13,3569803
501;0;500;501;-83,6858139;13,3550491
502;0;501;502;-83,9672470;13,3592548
503;0;502;503;-83,9899673;13,3611345
504;0;503;504;-83,6075668;13,3599806
505;0;504;505;-83,7107162;13,3431339
506;0;505;506;-83,5928040;13,3631058
507;0;506;507;-83,6924210;13,3675146
508;0;507;508;-83,9878540;13,3683453
509;0;508;509;-83,9658051;13,3654251
510;0;509;510;-83,8471451;13,3742142
511;0;510;511;-83,6971970;13,3755131
512;0;511;512;-83,8546600;13,3750162
513;0;512;513;-83,8738022;13,3751507
514;0;513;514;-83,5868759;13,3775597
515;0;514;515;-83,9687271;13,3760118
516;0;515;516;-83,8644409;13,3770342
517;0;516;517;-83,7689972;13,3790960
518;0;517;518;-83,9735107;13,3778057
519;0;518;519;-83,6527634;13,3712482
520;0;519;520;-83,9836731;13,3794575
521;0;520;521;-83,9469910;13,3811359
522;0;521;522;-83,7830124;13,3812046
523;0;522;523;-83,9530716;13,3829489
524;0;523;524;-83,9670639;13,3830128
525;0;524;525;-83,8707199;13,3857822
526;0;525;526;-83,9477615;13,3861914
527;0;526;527;-83,8899307;13,3849049
528;0;527;528;-83,8205872;13,3874722
529;0;528;529;-83,9853134;13,3871317
530;0;529;530;-83,6182175;13,3873177
531;0;530;531;-83,9488068;13,3899803
532;0;531;532;-83,9372711;13,3788071
533;0;532;533;-83,9255142;13,3884649
534;0;533;534;-83,5691757;13,3939123
535;0;534;535;-83,9393616;13,3910360
536;0;535;536;-83,7048645;13,3941936
537;0;536;537;-83,9115829;13,3921604
538;0;537;538;-83,9067459;13,3922806
539;0;538;539;-83,7303391;13,3711853
540;0;539;540;-83,9020996;13,3939257
541;0;540;541;-83,9332123;13,3815861
542;0;541;542;-83,9861603;13,3932972
543;0;542;543;-83,9511414;13,3931456
544;0;543;544;-83,9924545;13,3934879
545;0;544;545;-83,9369202;13,3941870
546;0;545;546;-83,9801865;13,3953114
547;0;546;547;-83,9855423;13,3963385
548;0;547;548;-83,8155670;13,3937693
549;0;548;549;-83,8513107;13,3946218
550;0;549;550;-83,7610779;13,3970051
551;0;550;551;-83,7601395;13,4006348
552;0;551;552;-83,9490433;13,3987999
553;0;552;553;-83,8363266;13,4020214
554;0;553;554;-83,8706207;13,4010077
555;0;554;555;-83,8173065;13,4064140
556;0;555;556;-83,7735977;13,4055538
557;0;556;557;-83,8656769;13,4070444
558;0;557;558;-83,8824310;13,3989897
559;0;558;559;-83,8253326;13,4078512
560;0;559;560;-83,6597137;13,3908167
561;0;560;561;-83,8476944;13,4087172
562;0;561;562;-83,7165604;13,4020252
563;0;562;563;-83,8447189;13,4120359
564;0;563;564;-83,8654938;13,4135046
565;0;564;565;-83,9428940;13,4110260
566;0;565;566;-83,6719208;13,4158049
567;0;566;567;-83,9487686;13,4148283
568;0;567;568;-83,7770081;13,4160833
569;0;568;569;-83,8662643;13,4179296
570;0;569;570;-83,9035721;13,4182882
571;0;570;571;-83,9069595;13,4150457
572;0;571;572;-83,9079285;13,4209785
573;0;572;573;-83,8632736;13,4219284
574;0;573;574;-83,9797897;13,4198751
575;0;574;575;-83,7387161;13,4160357
576;0;575;576;-83,5753326;13,4229393
577;0;576;577;-83,6089859;13,4186630
578;0;577;578;-83,8794098;13,4188185
579;0;578;579;-83,8641586;13,4244194
580;0;579;580;-83,8878555;13,4250479
581;0;580;581;-83,9001312;13,4242954
582;0;581;582;-83,6488724;13,4293089
583;0;582;583;-83,8700027;13,4277163
584;0;583;584;-83,9543304;13,4256458
585;0;584;585;-83,7828064;13,4274664
586;0;585;586;-83,8792343;13,4281788
587;0;586;587;-83,7485428;13,4277554
588;0;587;588;-83,9654541;13,4186049
589;0;588;589;-83,9719696;13,4266911
590;0;589;590;-83,5901642;13,4324312
591;0;590;591;-83,6278915;13,4331665
592;0;591;592;-83,9137878;13,4314632
593;0;592;593;-83,6362991;13,4346313
594;0;593;594;-83,9180222;13,4286070
595;0;594;595;-83,9897995;13,4313049
596;0;595;596;-83,7922668;13,4325552
597;0;596;597;-83,9571915;13,4306450
598;0;597;598;-83,9409409;13,4249411
599;0;598;599;-83,7920837;13,4298000
600;0;599;600;-83,6529007;13,4350100
601;0;600;601;-83,9410019;13,4320717
602;0;601;602;-83,6422043;13,4364643
603;0;602;603;-83,9967499;13,4262323
604;0;603;604;-83,6206360;13,4370451
605;0;604;605;-83,8702164;13,4360619
606;0;605;606;-83,8587418;13,4348736
607;0;606;607;-83,6370239;13,4397469
608;0;607;608;-83,6486893;13,4388695
609;0;608;609;-83,6437607;13,4401588
610;0;609;610;-83,6097717;13,4418764
611;0;610;611;-83,6668167;13,4381495
612;0;611;612;-83,9731369;13,4386454
613;0;612;613;-83,5630264;13,4437933
614;0;613;614;-83,6370087;13,4434271
615;0;614;615;-83,9610519;13,4399109
616;0;615;616;-83,9103470;13,4387360
617;0;616;617;-83,9558487;13,4403200
618;0;617;618;-83,6772995;13,4386873
619;0;618;619;-83,8713455;13,4429474
620;0;619;620;-83,5782318;13,4429731
621;0;620;621;-83,8166046;13,4436445
622;0;621;622;-83,8263397;13,4461908
623;0;622;623;-83,7284546;13,4371595
624;0;623;624;-83,8619537;13,4471941
625;0;624;625;-83,5654984;13,4511929
626;0;625;626;-83,8071747;13,4433746
627;0;626;627;-83,7960434;13,4454117
628;0;627;628;-83,8343658;13,4537239
629;0;628;629;-83,8477173;13,4533548
630;0;629;630;-83,9196243;13,4518871
631;0;630;631;-83,9700851;13,4508400
632;0;631;632;-83,8253708;13,4543686
633;0;632;633;-83,8737488;13,4533215
634;0;633;634;-83,9106750;13,4527245
635;0;634;635;-83,8414688;13,4551258
636;0;635;636;-83,6763992;13,4568739
637;0;636;637;-83,7891235;13,4562902
638;0;637;638;-83,7841797;13,4575300
639;0;638;639;-83,7802200;13,4574261
640;0;639;640;-83,6100998;13,4594765
641;0;640;641;-83,9547195;13,4552555
642;0;641;642;-83,9416351;13,4541092
643;0;642;643;-83,8475723;13,4576025
644;0;643;644;-83,6044617;13,4619150
645;0;644;645;-83,9746170;13,4575462
646;0;645;646;-83,6641617;13,4602785
647;0;646;647;-83,7844009;13,4617615
648;0;647;648;-83,6817627;13,4622068
649;0;648;649;-83,8333359;13,4610415
650;0;649;650;-83,8965454;13,4603615
651;0;650;651;-83,6584930;13,4652472
652;0;651;652;-83,5747375;13,4622145
653;0;652;653;-83,8382111;13,4610119
654;0;653;654;-83,9214859;13,4621162
655;0;654;655;-83,6613464;13,4665861
656;0;655;656;-83,8253860;13,4657383
657;0;656;657;-83,6000443;13,4616642
658;0;657;658;-83,8322906;13,4657869
659;0;658;659;-83,8892899;13,4678507
660;0;659;660;-83,5718689;13,4723959
661;0;660;661;-83,8101044;13,4719429
662;0;661;662;-83,7854843;13,4726934
663;0;662;663;-83,8020401;13,4751701
664;0;663;664;-83,7953873;13,4751568
665;0;664;665;-83,6743927;13,4708214
666;0;665;666;-83,7690887;13,4729662
667;0;666;667;-83,8153381;13,4789324
668;0;667;668;-83,9079666;13,4775829
669;0;668;669;-83,9685440;13,4815674
670;0;669;670;-83,8992920;13,4800415
671;0;670;671;-83,8523254;13,4820976
672;0;671;672;-83,6683731;13,4843922
673;0;672;673;-83,9100723;13,4842081
674;0;673;674;-83,8401947;13,4886055
675;0;674;675;-83,6190262;13,4634361
676;0;675;676;-83,9403839;13,4869823
677;0;676;677;-83,8666000;13,4919710
678;0;677;678;-83,8475189;13,4930649
679;0;678;679;-83,9394226;13,4964123
680;0;679;680;-83,7931061;13,4944172
681;0;680;681;-83,7806473;13,4898872
682;0;681;682;-83,6418610;13,5067234
683;0;682;683;-83,6034393;13,5116568
684;0;683;684;-83,6168976;13,5414324
685;0;684;685;-83,6590652;13,5398340
686;0;685;686;-83,5397873;14,8543091
687;0;686;687;-83,2971649;14,8630753
688;0;687;688;-83,5129471;14,8683805
689;0;688;689;-83,5027618;14,8823748
690;0;689;690;-83,3931046;14,8790445
691;0;690;691;-83,5399551;14,8707170
692;0;691;692;-83,5088501;14,8845434
693;0;692;693;-83,5259857;14,8919802
694;0;693;694;-83,4188385;14,8881407
695;0;694;695;-83,5901260;14,8899965
696;0;695;696;-83,3756104;14,8991003
697;0;696;697;-83,4177475;14,9026413
698;0;697;698;-83,3148270;14,9057350
699;0;698;699;-83,4706116;14,8761730
700;0;699;700;-83,4423828;14,9100990
701;0;700;701;-83,4584503;14,9149952
702;0;701;702;-83,3172379;14,9227524
703;0;702;703;-83,3407135;14,9241295
704;0;703;704;-83,2948151;14,8917112
705;0;704;705;-83,3193741;14,9295435
706;0;705;706;-83,3521881;14,9316149
707;0;706;707;-83,3595734;14,9376020
708;0;707;708;-83,3508759;14,9372368
709;0;708;709;-83,2942581;14,9376793
710;0;709;710;-83,3185272;14,9416685
711;0;710;711;-83,3545380;14,9414787
712;0;711;712;-83,3279114;14,9424677
713;0;712;713;-83,3344345;14,9436836
714;0;713;714;-83,3305435;14,9452314
715;0;714;715;-83,3242569;14,9465866
716;0;715;716;-83,2809525;14,9355812
717;0;716;717;-83,3235703;14,9511633
718;0;717;718;-83,3278351;14,9519310
719;0;718;719;-83,3559875;14,9526739
720;0;719;720;-83,2846832;14,9683647
721;0;720;721;-83,4279861;14,9895239
722;0;721;722;-83,3838654;14,9935036
723;0;722;723;-83,4102325;14,9963160
724;0;723;724;-83,4144974;14,9944162
725;0;724;725;-83,4052124;14,9963856
726;0;725;726;-83,3731918;14,9993315
727;0;726;727;-83,4888382;14,9954214
728;0;727;728;-83,3629532;15,0048847
729;0;728;729;-83,3169785;14,9953709
730;0;729;730;-83,3685226;15,0001783
731;0;730;731;-83,3968201;14,9540243
732;0;731;732;-83,3891830;15,0146294